[gd_scene load_steps=4 format=2]

[ext_resource path="res://PackageOnPath.tscn" type="PackedScene" id=1]
[ext_resource path="res://Level3.tscn" type="PackedScene" id=2]
[ext_resource path="res://MetalBoxObsF.tscn" type="PackedScene" id=3]

[node name="Level" instance=ExtResource( 2 )]

[node name="backpack" parent="Path/Krampus_dolly/KramJump/model/Armature/Skeleton" index="2"]
transform = Transform( 0.873953, -0.0341055, -0.484812, 0.484894, 0.128754, 0.865043, 0.0329188, -0.99109, 0.129063, 1.67833, -2.86934, -76.4384 )

[node name="Package" parent="Path" index="3" instance=ExtResource( 1 )]
transform = Transform( -0.918879, 0, -0.394539, 0, 1, 0, 0.39454, 0, -0.918875, -4.66914, 0, -6.67809 )
offset = 8.0
h_offset = 1.2

[node name="MetalBoxObsF" parent="Path" index="4" instance=ExtResource( 3 )]
transform = Transform( -0.925516, 0, -0.378709, 0, 1, 0, 0.378709, 0, -0.925515, -4.40402, 0, -9.10213 )
offset = 10.12

[editable path="Path/Krampus_dolly/KramJump/model"]
